1001
1003
1005
1007
1009***0.12207000
1011
1013***0.5842000
1015
1017
1019***0.6231000

10001
10003
10005
10007***0.84163000
10009***0.89258000
10011
10013
10015
10017
10019
10021
10023
10025
10027
10029
10031
10033
10035
10037***0.83019000

100001
100003***0.715296000
100005
100007
100009
100011
100013
100015
100017
100019***0.713061000
100021
100023
100025
100027
100029
100031
100033
100035
100037
100039
100041
100043***0.719309000

1000001
1000003***6.200787000
1000005
1000007
1000009
1000011
1000013
1000015
1000017
1000019
1000021
1000023
1000025
1000027
1000029
1000031
1000033***6.193310000
1000035
1000037***6.302851000
